33,7
33,4
32,4
32,1
32,3
33,5
33,1
33,3
27,4
27,1
27,3
26,1
26,3
29,5
30,4
31,1
31,3
30,5
30,1
30,3
29,1
29,3
14,5
42,35
35,4
35,6
35,5
35,3
37,7
37,6
37,5
37,4
37,3
37,1
36,5
36,4
10,108
10,310
10,312
10,270
10,192
10,182
10,16
10,280
11,4
11,28
11,5
11,8
11,11
9,6
9,4
8,4
8,17
8,10
8,8
8,11
8,6
8,2
8,3
0,318
12,2
36,3
12,1
12,3
36,1
35,127
35,126
35,125
35,124
35,123
35,122
35,121
35,120
35,119
35,118
35,117
35,116
35,115
35,114
35,113
35,112
35,111
35,110
35,109
35,108
35,107
35,106
35,105
35,104
35,103
35,102
35,101
35,100
35,99
35,98
35,97
35,96
35,95
35,94
35,93
35,92
35,91
35,90
35,89
35,88
20,2
20,1
20,3
19,2
19,1
19,3
35,87
35,86
35,85
35,84
35,83
35,82
35,81
35,80
35,79
35,78
35,77
35,76
35,75
35,74
35,1
35,73
35,72
